   0.0000000e+00   0.0000000e+00   0.0000000e+00   0.0000000e+00   0.0000000e+00   0.0000000e+00
   2.4703895e-04  -2.1115979e-02   6.7592753e-03   4.2362450e-04  -1.2274086e-04  -3.4757842e-04
   2.3442372e-02  -7.9564270e-03   3.4732967e-02   2.6277269e-04  -3.5348377e-04  -1.8178272e-05
   2.6919109e-02   9.3437962e-03   5.4336939e-02   6.7163128e-05  -5.6176888e-04  -3.8138217e-04
   2.2652726e-02   2.6347214e-03   4.8110599e-02   6.6927847e-04  -1.3147030e-04  -3.7438570e-04
   1.8377437e-02  -4.6889236e-03   5.4704536e-03   6.5206790e-04  -1.4023075e-04  -7.0413383e-05
   2.7653643e-02  -1.4368667e-02   4.6766618e-02   1.5816650e-04  -2.5190505e-04  -6.9271341e-04
   3.6114094e-02  -3.4347658e-02   5.6674054e-02  -1.0590237e-04  -5.0896586e-04  -6.0797963e-04
   6.4062805e-02  -2.9584506e-02   5.4203716e-02  -1.8011306e-04  -8.9116296e-04  -1.8624686e-04
   4.0562985e-02  -1.3763604e-02   2.0159550e-02   7.2122933e-05  -8.6721070e-04  -2.3052330e-04
   5.4959626e-02  -1.0685348e-02   5.9249814e-02  -6.8013251e-04  -1.0869027e-03  -5.2607170e-04
   9.0153742e-02  -3.7802224e-02   8.1299779e-02  -1.1634855e-03  -1.6156283e-03   4.7790488e-06
   7.2988180e-02  -2.6169462e-02   7.0034206e-02  -1.0882750e-03  -1.2392485e-03  -1.2002029e-04
   7.0808504e-02   2.4280516e-02   1.5896354e-02  -1.1231155e-03  -1.3415898e-03  -6.2816695e-04
   9.2578335e-02   2.6989486e-02   2.9024988e-02  -8.8627445e-04  -1.5714613e-03  -5.3711815e-04
   9.8293768e-02  -3.7792684e-02   6.8090390e-02   1.8587780e-04  -1.6131600e-03  -3.1871410e-04
   8.7295680e-02  -8.2784570e-02   5.5533329e-02   8.2252827e-04  -1.3579998e-03  -2.5086210e-04
   8.7784648e-02  -7.2739582e-02   6.9840121e-02  -2.4700298e-04  -1.4728531e-03  -2.1001056e-04
   1.0272421e-01  -7.0137956e-02   7.4247851e-02  -1.1594487e-03  -1.8943463e-03  -4.7631392e-05
   1.0961161e-01  -6.7946854e-02   7.5822163e-02  -1.0444650e-03  -2.5553472e-03  -3.8011089e-04
   9.7874534e-02  -6.4301718e-02   1.2141882e-01  -1.0474362e-03  -2.2403195e-03  -3.0293561e-04
   1.0595362e-01  -1.2269517e-01   1.0198681e-01  -3.3850949e-04  -2.1117042e-03  -3.3810518e-04
   8.2451937e-02  -1.5328736e-01   1.4530072e-01  -6.8292313e-06  -1.4826518e-03  -6.9084044e-04
   6.0306037e-02  -1.8158080e-01   1.0937046e-01  -5.7193843e-05  -1.4696700e-03  -4.6969847e-04
   3.2445588e-02  -1.6465749e-01   1.2724242e-01  -7.4818353e-05  -1.2484664e-03  -2.7210889e-04
  -6.4629317e-03  -1.6872868e-01   1.0499003e-01   2.5656863e-04  -6.4541654e-04  -4.5491005e-04
   1.4821466e-02  -1.7810155e-01   1.7439179e-02   1.3600153e-03  -8.9950390e-04  -3.4263918e-04
  -2.4683477e-03  -2.5331243e-01   4.7654943e-02   2.8750959e-03  -4.1268814e-04  -5.1220097e-04
   2.3224438e-02  -2.2272928e-01   7.3663914e-02   1.5534492e-03  -2.8418404e-04  -2.4267756e-04
   3.6678095e-02  -2.3810668e-01   6.1860606e-02   1.0427147e-03  -5.7626024e-04   1.2817171e-06
   2.1980459e-02  -2.1205752e-01   7.0915988e-02   2.8714115e-04  -5.9038477e-04   5.8567802e-05
   4.5754709e-02  -1.7314564e-01   7.4038853e-02   2.1906361e-04  -7.5276000e-04  -2.9506351e-05
   3.1704763e-02  -1.9568868e-01   7.2597839e-02   5.8702269e-04  -5.9460153e-04   1.9561000e-04
   3.0293021e-02  -2.0444592e-01   6.5510036e-02   5.9238390e-05  -4.1363914e-04  -2.6764928e-04
   3.1083658e-02  -1.5414167e-01   8.4371632e-02  -1.5434764e-03  -1.0468802e-03   1.0033097e-03
   7.0235244e-02  -1.9878413e-01   1.1097695e-01  -5.0243874e-04  -8.6539488e-04   1.1808232e-03
   3.5788568e-02  -2.2717203e-01   8.6232816e-02   6.7510753e-04   1.7090159e-04   1.0396714e-03
   4.4866434e-02  -1.7387326e-01   5.8136749e-02  -6.4128305e-05  -3.4724348e-06   7.8417553e-04
   3.6008975e-02  -2.1280708e-01   5.8957003e-02   5.7030719e-04   5.6496537e-04   7.9930692e-04
   1.3213476e-02  -2.0444918e-01   4.1453149e-02  -3.3301831e-04   8.9207312e-04   1.2903829e-03
   7.1009349e-03  -1.8166296e-01   4.1165171e-02  -4.7139019e-04   1.0371855e-03   1.0709609e-03
  -9.9430219e-03  -1.4116401e-01   8.8209610e-02  -3.6593849e-04   1.8771413e-03   9.4964975e-04
  -1.3055045e-02  -1.6042913e-01   1.0589198e-01  -8.9818566e-04   1.9521498e-03   1.2789437e-03
  -9.7904560e-03  -3.0343392e-01   1.3314695e-01   1.1278678e-04   1.8802334e-03   1.2209247e-03
  -9.1825226e-03  -2.0491494e-01   6.2815913e-02  -1.0410746e-03   1.3418476e-03   1.4024371e-03
   2.3890997e-03  -2.2352549e-01   6.5610265e-02  -1.7092402e-03   1.3196082e-03   2.1578868e-03
   5.6895139e-02  -2.0711474e-01   4.6127792e-02  -2.2478149e-03   9.8458217e-04   3.0037787e-03
   6.3649772e-02  -2.6909931e-01   2.8190657e-02  -2.0091469e-03   2.7719849e-03   3.9774511e-03
   2.6751912e-02  -2.8787366e-01   1.0240435e-02  -1.7582927e-03   4.0356009e-03   3.3900723e-03
   5.6623255e-02  -2.4248185e-01   6.6141849e-02  -1.0026308e-03   3.7427493e-03   3.3086286e-03
   3.1359753e-02  -2.7118368e-01   2.4831758e-02  -4.6843565e-04   2.9622616e-03   3.3610624e-03
   3.5734623e-02  -2.8460565e-01   9.5384086e-02  -8.5147860e-04   2.9413433e-03   3.4105269e-03
   7.8653530e-03  -2.4705836e-01   6.5294753e-02  -1.1864861e-03   3.0453950e-03   3.1832366e-03
  -8.2120526e-03  -2.6380403e-01   4.8695624e-02  -8.9264990e-04   3.5413012e-03   3.2300745e-03
  -1.4536820e-02  -2.5038628e-01   6.8673676e-02  -9.0291947e-04   3.5736830e-03   3.1323708e-03
  -5.7680415e-02  -1.6517897e-01   1.4317242e-01  -2.0474452e-03   4.1520920e-03   2.4081373e-03
  -1.0117740e-01  -2.5871049e-01   1.4822984e-01  -9.5428150e-04   5.0892351e-03   2.2108217e-03
  -9.0916307e-02  -1.8827199e-01   1.1360770e-01  -2.1051250e-03   5.1123475e-03   3.1259996e-03
  -7.9073744e-02  -1.9655024e-01   1.6417342e-01  -2.0019799e-03   5.2981986e-03   3.1462349e-03
  -7.9404535e-02  -2.3591083e-01   1.1244696e-01  -1.6440245e-03   5.8455114e-03   4.1304155e-03
  -4.2470472e-02  -2.3294839e-01   5.2680896e-02  -1.1155540e-03   6.1959174e-03   4.3104594e-03
  -6.6398274e-02  -1.8545226e-01   5.1027533e-03  -1.1198560e-03   6.3490992e-03   3.1993205e-03
  -6.0648901e-02  -2.8077018e-01   3.1961305e-03  -3.7978160e-04   6.1248599e-03   3.4368688e-03
  -4.3963544e-02  -3.0331038e-01   1.1611317e-02  -5.1840115e-04   6.3402289e-03   4.3771123e-03
  -6.1787156e-02  -3.0639292e-01   2.2660404e-02  -1.6585753e-04   6.5612414e-03   4.5477666e-03
  -3.3081696e-02  -3.0026617e-01   1.4392400e-02  -1.7626021e-04   6.7685003e-03   4.4318810e-03
  -4.6558026e-02  -2.8908858e-01  -2.8237690e-02  -3.3726352e-04   6.6833343e-03   4.5241817e-03
  -6.4626948e-02  -2.9038054e-01  -3.2246628e-02  -4.5540927e-04   6.5984195e-03   3.8535425e-03
  -5.6181669e-02  -3.5409457e-01  -2.7525976e-02  -7.8037793e-04   6.4326840e-03   3.6609556e-03
  -4.1961274e-02  -2.0267977e-01  -4.2918864e-02  -2.1394993e-03   6.1274974e-03   3.9353819e-03
  -6.3212865e-02  -2.2176074e-01   1.0518155e-02  -1.9912304e-03   5.7323898e-03   4.1100035e-03
  -6.4454455e-02  -2.5860029e-01   3.1197770e-02  -1.1600720e-03   5.8365493e-03   4.1560283e-03
  -7.3368511e-02  -2.5617025e-01  -2.4827738e-02  -4.6355642e-04   5.6637006e-03   3.6040004e-03
  -1.0887344e-01  -3.2621376e-01  -1.9094096e-03   2.6183345e-05   6.2429190e-03   3.0530454e-03
  -7.6867830e-02  -3.2206583e-01   2.2474258e-02  -2.2761349e-04   6.3816979e-03   3.5098807e-03
  -7.2095738e-02  -2.9998668e-01   1.0294551e-02  -5.3780481e-04   6.1402430e-03   3.2383670e-03
  -9.1229317e-02  -3.0687034e-01   3.9369560e-02  -3.1890543e-04   5.9485112e-03   3.6024867e-03
  -1.0337433e-01  -2.4801890e-01   8.4881744e-02  -1.2353667e-03   5.4861008e-03   3.0192979e-03
  -1.2129440e-01  -2.8360875e-01   7.0517887e-02  -4.7480499e-04   5.8316287e-03   2.8179410e-03
  -1.4395567e-01  -2.8193989e-01   6.9609962e-02  -1.1515919e-03   6.2210240e-03   3.1397340e-03
  -1.3511505e-01  -2.8235579e-01   5.8888669e-02  -1.1705367e-03   6.1616080e-03   3.3229422e-03
  -1.4168437e-01  -3.0271907e-01   9.3223588e-02  -9.6448158e-04   6.2409875e-03   2.9131034e-03
  -1.2596437e-01  -2.7332933e-01   1.2112404e-01  -8.9493784e-04   6.0288992e-03   2.8237625e-03
  -1.0981271e-01  -1.9155351e-01   9.5691883e-02  -1.5616853e-03   5.4775566e-03   2.3463883e-03
